10,68
10,155
10,306
10,124
10,227
10,21
10,100
10,98
11,11
11,12
11,4
9,4
9,6
80,6
80,5
80,4
80,3
8,5
8,16
8,15
8,18
80,2
80,1
80,0
76,8
76,7
76,6
76,5
76,4
76,3
76,2
76,1
76,0
72,4
72,3
72,2
72,1
72,0
70,5
70,4
70,3
70,2
70,1
70,0
67,3
67,2
67,1
67,0
66,5
66,4
66,3
66,2
66,1
66,0
63,3
63,2
63,1
63,0
62,3
62,2
62,1
62,0
20,2
20,1
12,3
20,3
12,2
12,1
11,30
11,29
11,27
11,26
11,25
11,22
11,20
11,18
11,16
11,15
19,2
19,1
11,14
11,1
11,10
11,3
19,3
11,2
10,308
10,224
10,208
10,153
10,83
10,64
10,1
18,1
10,22
10,3
18,3
10,2
9,7
9,1
9,5
9,3
14,1
9,2
8,11
8,10
14,3
13,1
8,9
8,1
8,6
8,3
13,3
8,2
3,3
3,2
3,1
0,552
